beta=-1 d=64 gamma=64 walk_length=20
0.8305084745762712 0.8292824074074074
0.847457627118644 0.8472821397756687
0.847457627118644 0.8474576271186439
0.8813559322033898 0.8813559322033899
0.9152542372881356 0.915156744319816
0.9491525423728814 0.9489177489177489
0.9322033898305084 0.9320276497695852
0.9322033898305084 0.9321839080459771
0.9152542372881356 0.915156744319816
0.8813559322033898 0.8813559322033899
0.864406779661017 0.8640552995391705
0.9152542372881356 0.9143686502177066
0.9152542372881356 0.9152542372881356
0.9152542372881356 0.915156744319816
0.8983050847457628 0.8982758620689655
0.8813559322033898 0.8812194420477424
0.864406779661017 0.8643678160919539
0.8983050847457628 0.8980414746543779
0.9322033898305084 0.9320276497695852
0.9322033898305084 0.9321839080459771
