beta=0 d=64 gamma=32 walk_length=20
0.9152542372881356 0.9152542372881356
0.7966101694915254 0.7960829493087558
0.864406779661017 0.8640552995391705
0.8305084745762712 0.8304597701149425
0.847457627118644 0.8474576271186439
0.9322033898305084 0.9321839080459771
0.847457627118644 0.8474576271186439
0.8135593220338985 0.8135593220338982
0.7966101694915254 0.796551724137931
0.847457627118644 0.8472821397756687
0.8813559322033898 0.8813559322033899
0.847457627118644 0.8472821397756687
0.847457627118644 0.8472821397756687
0.8135593220338985 0.8135593220338982
0.847457627118644 0.8472821397756687
0.8305084745762712 0.8304597701149425
0.8305084745762712 0.8304597701149425
0.9322033898305084 0.9320276497695852
0.8813559322033898 0.8812194420477423
0.8813559322033898 0.8812194420477423
