beta=0 d=64 gamma=8 walk_length=20
0.6779661016949152 0.6764790764790765
0.6949152542372882 0.6927083333333333
0.6949152542372882 0.6948275862068964
0.7627118644067796 0.7620967741935484
0.711864406779661 0.7064676616915423
0.7288135593220338 0.728110599078341
0.6610169491525424 0.6609195402298851
0.6440677966101694 0.6440677966101694
0.6949152542372882 0.6905594405594405
0.6610169491525424 0.6601382488479263
0.6949152542372882 0.6941244239631337
0.7627118644067796 0.7620967741935484
0.6779661016949152 0.6746008708272859
0.7796610169491526 0.7794075352315213
0.7627118644067796 0.7626436781609195
0.7288135593220338 0.728735632183908
0.7288135593220338 0.728110599078341
0.6610169491525424 0.6561771561771561
0.711864406779661 0.7088534107402031
0.6610169491525424 0.6585648148148149
