beta=0 d=64 gamma=16 walk_length=20
0.7796610169491526 0.7794075352315215
0.8135593220338985 0.8135593220338982
0.7966101694915254 0.796551724137931
0.7627118644067796 0.7626436781609196
0.8813559322033898 0.8812194420477424
0.8305084745762712 0.8304597701149425
0.8135593220338985 0.8133448375035951
0.711864406779661 0.7115329306873741
0.8135593220338985 0.811611030478955
0.847457627118644 0.8472821397756687
0.847457627118644 0.8472821397756687
0.847457627118644 0.8474576271186439
0.7627118644067796 0.7620967741935484
0.7966101694915254 0.796551724137931
0.8983050847457628 0.8982758620689655
0.847457627118644 0.8472821397756687
0.864406779661017 0.8640552995391705
0.8813559322033898 0.8808080808080807
0.8813559322033898 0.8813559322033899
0.847457627118644 0.8474576271186439
