beta=-1 d=64 gamma=16 walk_length=20
0.8135593220338985 0.8135593220338982
0.8813559322033898 0.8812194420477423
0.8305084745762712 0.8304597701149425
0.864406779661017 0.864367816091954
0.8135593220338985 0.8133448375035951
0.864406779661017 0.8634259259259259
0.847457627118644 0.8472821397756687
0.8983050847457628 0.8982758620689655
0.8135593220338985 0.8135593220338982
0.8813559322033898 0.8813559322033899
0.7966101694915254 0.7960829493087558
0.864406779661017 0.8643678160919539
0.8305084745762712 0.8304597701149425
0.8813559322033898 0.8813559322033899
0.8813559322033898 0.8813559322033899
0.847457627118644 0.8472821397756687
0.7796610169491526 0.7796610169491526
0.864406779661017 0.8643678160919539
0.8813559322033898 0.8812194420477424
0.8983050847457628 0.8982758620689655
