beta=1 d=64 gamma=32 walk_length=20
0.7627118644067796 0.7626436781609195
0.847457627118644 0.8467532467532468
0.8135593220338985 0.8126984126984127
0.7796610169491526 0.7796610169491526
0.7966101694915254 0.796551724137931
0.7457627118644068 0.7454702329594478
0.7796610169491526 0.7786435786435786
0.7627118644067796 0.7620967741935484
0.847457627118644 0.8472821397756687
0.8135593220338985 0.8135593220338982
0.847457627118644 0.8467532467532468
0.7966101694915254 0.7960829493087558
0.8305084745762712 0.8304597701149425
0.8813559322033898 0.8812194420477424
0.7796610169491526 0.7794075352315213
0.7966101694915254 0.7960829493087558
0.7966101694915254 0.7960829493087558
0.847457627118644 0.8474576271186439
0.7627118644067796 0.7626436781609195
0.8135593220338985 0.8135593220338982
