beta=1 d=64 gamma=8 walk_length=20
0.576271186440678 0.5579862151633204
0.576271186440678 0.5718432510885341
0.5423728813559322 0.5288376220053239
0.5932203389830508 0.5921658986175116
0.5084745762711864 0.5033381712626995
0.5932203389830508 0.5835294117647059
0.5423728813559322 0.5418464193270061
0.6101694915254238 0.5933473179502546
0.4576271186440678 0.45622119815668205
0.5932203389830508 0.5835294117647059
0.4576271186440678 0.45622119815668205
0.4745762711864407 0.4721500721500721
0.5084745762711864 0.4992683640620428
0.559322033898305 0.5488235294117647
0.576271186440678 0.5579862151633204
0.5423728813559322 0.522625112376386
0.4915254237288136 0.4902073732718894
0.5932203389830508 0.5931034482758621
0.6101694915254238 0.6028680128767925
0.6101694915254238 0.5986394557823129
