beta=1 d=64 gamma=64 walk_length=20
0.8305084745762712 0.8300691244239631
0.8135593220338985 0.8133448375035951
0.8305084745762712 0.8304597701149425
0.864406779661017 0.864367816091954
0.8813559322033898 0.8812194420477423
0.864406779661017 0.8643678160919539
0.864406779661017 0.864367816091954
0.8135593220338985 0.8126984126984127
0.847457627118644 0.8474576271186439
0.8813559322033898 0.8801161103047894
0.864406779661017 0.864367816091954
0.8135593220338985 0.8135593220338982
0.847457627118644 0.8472821397756687
0.7457627118644068 0.7454702329594478
0.8305084745762712 0.8304597701149425
0.847457627118644 0.8474576271186439
0.8983050847457628 0.8975694444444444
0.8305084745762712 0.8304597701149425
0.8305084745762712 0.8304597701149425
0.8813559322033898 0.8812194420477424
