beta=-1 d=64 gamma=8 walk_length=20
0.7796610169491526 0.7796610169491526
0.7966101694915254 0.7960829493087558
0.7966101694915254 0.796551724137931
0.8305084745762712 0.8304597701149425
0.7627118644067796 0.7626436781609196
0.8135593220338985 0.8133448375035951
0.8305084745762712 0.8304597701149425
0.8305084745762712 0.8304597701149425
0.847457627118644 0.8472821397756687
0.7966101694915254 0.795138888888889
0.7966101694915254 0.796551724137931
0.847457627118644 0.8472821397756687
0.7966101694915254 0.796551724137931
0.8305084745762712 0.8300691244239631
0.8305084745762712 0.8304597701149425
0.7457627118644068 0.7457627118644068
0.7966101694915254 0.796551724137931
0.8305084745762712 0.8300691244239631
0.7966101694915254 0.796551724137931
0.8135593220338985 0.8133448375035951
