beta=1 d=64 gamma=16 walk_length=20
0.7457627118644068 0.7454702329594478
0.6949152542372882 0.6948275862068964
0.7457627118644068 0.7445887445887445
0.6949152542372882 0.6948275862068964
0.7627118644067796 0.7626436781609196
0.7457627118644068 0.7445887445887445
0.711864406779661 0.7115329306873741
0.7457627118644068 0.7454702329594478
0.7457627118644068 0.7454702329594478
0.6949152542372882 0.6948275862068964
0.7627118644067796 0.7626436781609195
0.7457627118644068 0.7454702329594478
0.7627118644067796 0.7626436781609196
0.8135593220338985 0.8135593220338982
0.6949152542372882 0.6948275862068964
0.7457627118644068 0.7454702329594478
0.7796610169491526 0.7794075352315215
0.7966101694915254 0.796551724137931
0.7627118644067796 0.7609953703703703
0.7966101694915254 0.7960829493087558
