beta=2 d=64 gamma=64 walk_length=20
0.543859649122807 0.5437192118226601
0.49122807017543857 0.4887101763068357
0.5964912280701754 0.5944942777605939
0.47368421052631576 0.4722222222222222
0.45614035087719296 0.4554699537750385
0.5087719298245614 0.5049627791563276
0.49122807017543857 0.4887101763068357
0.543859649122807 0.5425925925925926
0.543859649122807 0.5425925925925926
0.5087719298245614 0.5049627791563276
0.3333333333333333 0.3314814814814815
0.5789473684210527 0.5788177339901478
0.40350877192982454 0.4018518518518518
0.5087719298245614 0.5074074074074074
0.42105263157894735 0.4210526315789474
0.5614035087719298 0.5608628659476117
0.43859649122807015 0.43842364532019706
0.40350877192982454 0.4018518518518518
0.40350877192982454 0.4018518518518518
0.3508771929824561 0.35007704160246533
