beta=1 d=64 gamma=16 walk_length=20
0.45614035087719296 0.4452119309262167
0.3684210526315789 0.3666666666666666
0.47368421052631576 0.44480519480519476
0.5087719298245614 0.5049627791563276
0.3157894736842105 0.3081232492997199
0.43859649122807015 0.43000000000000005
0.49122807017543857 0.4906009244992296
0.42105263157894735 0.4210526315789474
0.43859649122807015 0.42424242424242425
0.40350877192982454 0.4018518518518518
0.43859649122807015 0.43842364532019706
0.43859649122807015 0.43424317617866004
0.45614035087719296 0.45004668534080294
0.42105263157894735 0.41818744200433033
0.42105263157894735 0.41818744200433033
0.43859649122807015 0.43424317617866004
0.47368421052631576 0.46960297766749376
0.543859649122807 0.5403225806451613
0.47368421052631576 0.4722222222222222
0.38596491228070173 0.3790849673202614
