beta=2 d=64 gamma=32 walk_length=20
0.47368421052631576 0.4735221674876847
0.47368421052631576 0.4735221674876847
0.42105263157894735 0.4145658263305322
0.5614035087719298 0.5614035087719299
0.543859649122807 0.54371921182266
0.43859649122807015 0.43000000000000005
0.47368421052631576 0.4735221674876847
0.543859649122807 0.536875
0.49122807017543857 0.4855275443510737
0.49122807017543857 0.4912280701754386
0.45614035087719296 0.45004668534080294
0.3684210526315789 0.36822660098522164
0.49122807017543857 0.4912280701754386
0.47368421052631576 0.4735221674876847
0.43859649122807015 0.437037037037037
0.47368421052631576 0.4722222222222222
0.45614035087719296 0.4554699537750385
0.45614035087719296 0.45004668534080294
0.49122807017543857 0.4887101763068357
0.3684210526315789 0.35875
