beta=1 d=64 gamma=32 walk_length=20
0.5614035087719298 0.5614035087719299
0.38596491228070173 0.38596491228070173
0.40350877192982454 0.4033251231527094
0.543859649122807 0.5437192118226601
0.45614035087719296 0.45344880915558305
0.47368421052631576 0.4735221674876847
0.47368421052631576 0.4602272727272727
0.43859649122807015 0.437037037037037
0.543859649122807 0.5425925925925926
0.42105263157894735 0.41818744200433033
0.543859649122807 0.54371921182266
0.49122807017543857 0.49060092449922965
0.5789473684210527 0.5777777777777777
0.47368421052631576 0.4735221674876847
0.5087719298245614 0.5086206896551724
0.543859649122807 0.5425925925925926
0.47368421052631576 0.46960297766749376
0.47368421052631576 0.4735221674876847
0.45614035087719296 0.45344880915558305
0.45614035087719296 0.456140350877193
