beta=0 d=64 gamma=32 walk_length=20
0.47368421052631576 0.4735221674876847
0.42105263157894735 0.4145658263305322
0.3684210526315789 0.3666666666666666
0.47368421052631576 0.4722222222222222
0.42105263157894735 0.4203389830508475
0.5263157894736842 0.5263157894736842
0.5614035087719298 0.5608628659476117
0.42105263157894735 0.41818744200433033
0.5789473684210527 0.5788177339901477
0.38596491228070173 0.38520801232665636
0.38596491228070173 0.38596491228070173
0.43859649122807015 0.43842364532019706
0.42105263157894735 0.40941915227629516
0.42105263157894735 0.40266751349634805
0.43859649122807015 0.43842364532019706
0.43859649122807015 0.43842364532019706
0.38596491228070173 0.38520801232665636
0.47368421052631576 0.4722222222222222
0.47368421052631576 0.4722222222222222
0.47368421052631576 0.4722222222222222
