beta=1 d=64 gamma=8 walk_length=20
0.5087719298245614 0.4473684210526315
0.49122807017543857 0.48100470957613806
0.543859649122807 0.5099206349206349
0.42105263157894735 0.39420289855072466
0.49122807017543857 0.4676328502415459
0.3508771929824561 0.29535583027063145
0.543859649122807 0.5321969696969697
0.49122807017543857 0.47507145125436645
0.47368421052631576 0.4533248081841432
0.49122807017543857 0.48100470957613806
0.49122807017543857 0.4676328502415459
0.40350877192982454 0.3882575757575758
0.49122807017543857 0.48100470957613806
0.3684210526315789 0.34398976982097185
0.40350877192982454 0.37077922077922076
0.3684210526315789 0.3522727272727273
0.40350877192982454 0.3804347826086957
0.3508771929824561 0.278974358974359
0.40350877192982454 0.3591269841269841
0.6140350877192983 0.5928571428571429
