beta=0 d=64 gamma=64 walk_length=20
0.49122807017543857 0.4906009244992296
0.38596491228070173 0.38596491228070173
0.45614035087719296 0.45344880915558305
0.49122807017543857 0.4887101763068358
0.43859649122807015 0.43842364532019706
0.43859649122807015 0.43842364532019706
0.42105263157894735 0.4210526315789474
0.3684210526315789 0.35875
0.45614035087719296 0.4554699537750385
0.40350877192982454 0.4033251231527094
0.5614035087719298 0.5608628659476116
0.47368421052631576 0.46960297766749376
0.5087719298245614 0.5086206896551724
0.5614035087719298 0.5608628659476116
0.5263157894736842 0.5257318952234207
0.47368421052631576 0.4722222222222222
0.43859649122807015 0.43000000000000005
0.5087719298245614 0.50125
0.5789473684210527 0.5777777777777777
0.49122807017543857 0.4887101763068357
