beta=0 d=64 gamma=8 walk_length=20
0.5087719298245614 0.46081081081081077
0.49122807017543857 0.4676328502415459
0.5087719298245614 0.48976982097186694
0.47368421052631576 0.465625
0.5087719298245614 0.48976982097186694
0.47368421052631576 0.40789473684210525
0.49122807017543857 0.4676328502415459
0.5263157894736842 0.5112734201333756
0.543859649122807 0.5099206349206349
0.45614035087719296 0.42122502456600064
0.42105263157894735 0.3715335783494822
0.40350877192982454 0.37077922077922076
0.5614035087719298 0.5238890745071834
0.40350877192982454 0.39437500000000003
0.5087719298245614 0.46081081081081077
0.43859649122807015 0.42424242424242425
0.45614035087719296 0.4452119309262167
0.42105263157894735 0.3715335783494822
0.5263157894736842 0.4959056665574844
0.47368421052631576 0.4602272727272727
