beta=2 d=64 gamma=8 walk_length=20
0.47368421052631576 0.44480519480519476
0.5614035087719298 0.5332459875532263
0.5614035087719298 0.5474753890123849
0.49122807017543857 0.47507145125436645
0.47368421052631576 0.44480519480519476
0.43859649122807015 0.39682539682539675
0.543859649122807 0.536875
0.47368421052631576 0.465625
0.5263157894736842 0.5112734201333756
0.45614035087719296 0.4388694823753573
0.5087719298245614 0.46081081081081077
0.47368421052631576 0.43452380952380953
0.5263157894736842 0.5112734201333756
0.49122807017543857 0.47507145125436645
0.42105263157894735 0.35692307692307695
0.5087719298245614 0.4722222222222222
0.43859649122807015 0.4077922077922078
0.49122807017543857 0.4855275443510737
0.43859649122807015 0.4168797953964194
0.40350877192982454 0.32894736842105265
