beta=2 d=64 gamma=16 walk_length=20
0.45614035087719296 0.4554699537750385
0.45614035087719296 0.4388694823753573
0.43859649122807015 0.437037037037037
0.45614035087719296 0.4554699537750385
0.45614035087719296 0.4452119309262167
0.5614035087719298 0.5474753890123849
0.49122807017543857 0.48100470957613806
0.43859649122807015 0.42424242424242425
0.43859649122807015 0.43000000000000005
0.5087719298245614 0.50125
0.5263157894736842 0.5239715434580885
0.49122807017543857 0.4887101763068357
0.49122807017543857 0.4855275443510737
0.45614035087719296 0.4452119309262167
0.5087719298245614 0.4962121212121212
0.43859649122807015 0.43000000000000005
0.5087719298245614 0.50125
0.5087719298245614 0.5049627791563276
0.543859649122807 0.5425925925925926
0.5087719298245614 0.5074074074074074
