beta=0 d=64 gamma=16 walk_length=20
0.47368421052631576 0.46960297766749376
0.49122807017543857 0.49060092449922965
0.43859649122807015 0.43842364532019706
0.3508771929824561 0.34766470770182495
0.42105263157894735 0.41818744200433033
0.5263157894736842 0.4959056665574844
0.43859649122807015 0.43842364532019706
0.38596491228070173 0.3829260748530776
0.543859649122807 0.536875
0.43859649122807015 0.43424317617866004
0.45614035087719296 0.456140350877193
0.38596491228070173 0.38520801232665636
0.5087719298245614 0.5074074074074074
0.43859649122807015 0.43842364532019706
0.47368421052631576 0.465625
0.3508771929824561 0.3476647077018249
0.43859649122807015 0.43424317617866004
0.45614035087719296 0.45344880915558305
0.47368421052631576 0.465625
0.38596491228070173 0.38520801232665636
