beta=1 d=64 gamma=64 walk_length=20
0.43859649122807015 0.43
0.49122807017543857 0.4887101763068358
0.49122807017543857 0.4906009244992296
0.5087719298245614 0.5086206896551724
0.5263157894736842 0.5239715434580885
0.40350877192982454 0.4018518518518518
0.5087719298245614 0.5049627791563275
0.5614035087719298 0.5592329106093412
0.5614035087719298 0.5592329106093411
0.5614035087719298 0.5564892623716153
0.5087719298245614 0.5074074074074074
0.543859649122807 0.54371921182266
0.5263157894736842 0.5257318952234207
0.5087719298245614 0.5086206896551724
0.5964912280701754 0.5919701213818861
0.5614035087719298 0.5525902668759811
0.5614035087719298 0.5614035087719299
0.5789473684210527 0.5788177339901477
0.47368421052631576 0.4722222222222222
0.5263157894736842 0.5257318952234207
