beta=-1 d=64 gamma=8 walk_length=20
0.9387755102040817 0.8453159041394335
0.9795918367346939 0.8823529411764706
0.9387755102040817 0.836768895592425
0.9387755102040817 0.8453159041394335
0.9387755102040817 0.836768895592425
0.9387755102040817 0.836768895592425
0.8979591836734694 0.8090928679163973
0.9387755102040817 0.836768895592425
0.9387755102040817 0.836768895592425
0.9183673469387755 0.8042047930283224
0.9591836734693877 0.8620354808590103
0.9387755102040817 0.836768895592425
0.9387755102040817 0.836768895592425
0.9591836734693877 0.8620354808590103
0.9387755102040817 0.836768895592425
0.9591836734693877 0.8620354808590103
0.9387755102040817 0.836768895592425
0.9387755102040817 0.8453159041394335
0.9183673469387755 0.7959331880900508
0.9183673469387755 0.8214005602240897
