beta=1 d=64 gamma=64 walk_length=20
0.9591836734693877 0.8620354808590103
0.9795918367346939 0.8823529411764706
0.9591836734693877 0.8620354808590103
0.9591836734693877 0.8620354808590103
0.9591836734693877 0.8620354808590103
0.9591836734693877 0.8620354808590103
0.9591836734693877 0.8620354808590103
0.9591836734693877 0.8620354808590103
0.9591836734693877 0.8620354808590103
0.9591836734693877 0.8620354808590103
0.9591836734693877 0.8620354808590103
0.9591836734693877 0.8620354808590103
0.9795918367346939 0.8823529411764706
0.9591836734693877 0.8620354808590103
0.9591836734693877 0.8620354808590103
0.9591836734693877 0.8620354808590103
0.9591836734693877 0.8620354808590103
0.9591836734693877 0.8620354808590103
0.9591836734693877 0.8620354808590103
0.9591836734693877 0.8620354808590103
