beta=0 d=64 gamma=8 walk_length=20
0.9591836734693877 0.8620354808590103
0.9591836734693877 0.8693614881850176
0.9387755102040817 0.8403527336860671
0.9591836734693877 0.8620354808590103
0.9591836734693877 0.8620354808590103
0.9387755102040817 0.8208958797194091
0.9591836734693877 0.8620354808590103
0.9591836734693877 0.8620354808590103
0.9591836734693877 0.8620354808590103
0.9387755102040817 0.836768895592425
0.9387755102040817 0.836768895592425
0.9387755102040817 0.836768895592425
0.9591836734693877 0.8606701940035273
0.8979591836734694 0.783858842682372
0.9387755102040817 0.8453159041394335
0.9591836734693877 0.8620354808590103
0.9387755102040817 0.8493859082094376
0.9795918367346939 0.8823529411764706
0.9591836734693877 0.8620354808590103
0.9387755102040817 0.836768895592425
