beta=-1 d=64 gamma=64 walk_length=20
0.9591836734693877 0.8620354808590103
0.9591836734693877 0.8620354808590103
0.9387755102040817 0.836768895592425
0.9591836734693877 0.8620354808590103
0.9591836734693877 0.8620354808590103
0.9387755102040817 0.836768895592425
0.9591836734693877 0.8620354808590103
0.9591836734693877 0.8620354808590103
0.9591836734693877 0.8620354808590103
0.9591836734693877 0.8620354808590103
0.9591836734693877 0.8620354808590103
0.9591836734693877 0.8620354808590103
0.9591836734693877 0.8620354808590103
0.9591836734693877 0.8620354808590103
0.9591836734693877 0.8620354808590103
0.9591836734693877 0.8620354808590103
0.9591836734693877 0.8620354808590103
0.9591836734693877 0.8620354808590103
0.9591836734693877 0.8620354808590103
0.9591836734693877 0.8620354808590103
