beta=1 d=64 gamma=8 walk_length=20
0.9387755102040817 0.8493859082094376
0.9183673469387755 0.8244232165800792
0.9591836734693877 0.8620354808590103
0.9387755102040817 0.8493859082094376
0.9591836734693877 0.8620354808590103
0.9387755102040817 0.8403527336860671
0.9183673469387755 0.8150861484194817
0.9591836734693877 0.8408714596949891
0.9591836734693877 0.8620354808590103
0.9591836734693877 0.8693614881850176
0.9591836734693877 0.8620354808590103
0.9795918367346939 0.8823529411764706
0.9795918367346939 0.8823529411764706
0.9591836734693877 0.8620354808590103
0.9387755102040817 0.8403527336860671
0.9591836734693877 0.8620354808590103
0.9591836734693877 0.8620354808590103
0.9795918367346939 0.8823529411764706
0.9183673469387755 0.8150861484194817
0.9795918367346939 0.8823529411764706
