beta=0 d=64 gamma=16 walk_length=20
0.9591836734693877 0.8620354808590103
0.9183673469387755 0.8244232165800792
0.9591836734693877 0.8620354808590103
0.9795918367346939 0.8823529411764706
0.9795918367346939 0.8823529411764706
0.9591836734693877 0.8620354808590103
0.9591836734693877 0.8620354808590103
0.9591836734693877 0.8620354808590103
0.9795918367346939 0.8823529411764706
0.9591836734693877 0.8620354808590103
0.9591836734693877 0.8620354808590103
0.9591836734693877 0.8620354808590103
0.9591836734693877 0.8620354808590103
0.9591836734693877 0.8620354808590103
0.9795918367346939 0.8823529411764706
0.9591836734693877 0.8620354808590103
0.9591836734693877 0.8620354808590103
0.9387755102040817 0.836768895592425
0.9591836734693877 0.8620354808590103
0.9591836734693877 0.8620354808590103
