beta=1 d=16 gamma=40 walk_length=20
0.8135593220338985 0.8133448375035951
0.8813559322033898 0.8812194420477424
0.7796610169491526 0.7794075352315213
0.7627118644067796 0.7626436781609196
0.8305084745762712 0.8304597701149425
0.8135593220338985 0.8135593220338982
0.7796610169491526 0.7786435786435786
0.7796610169491526 0.7794075352315213
0.847457627118644 0.8472821397756687
0.8305084745762712 0.8300691244239631
0.8305084745762712 0.8304597701149425
0.8135593220338985 0.8135593220338982
0.7457627118644068 0.7454702329594478
0.864406779661017 0.8643678160919539
0.8135593220338985 0.8133448375035951
0.7966101694915254 0.7951388888888888
0.8135593220338985 0.8135593220338982
0.8305084745762712 0.8304597701149425
0.8135593220338985 0.8135593220338982
0.8983050847457628 0.8980414746543779
