beta=-1 d=64 gamma=40 walk_length=20
0.8135593220338985 0.8135593220338982
0.8813559322033898 0.8812194420477423
0.9152542372881356 0.915156744319816
0.864406779661017 0.8643678160919539
0.8983050847457628 0.8980414746543779
0.8983050847457628 0.8982758620689655
0.8983050847457628 0.8982758620689655
0.8983050847457628 0.8982758620689655
0.8983050847457628 0.8980414746543779
0.9152542372881356 0.915156744319816
0.8983050847457628 0.8982758620689655
0.8983050847457628 0.8980414746543779
0.8983050847457628 0.8982758620689655
0.8983050847457628 0.8980414746543779
0.9152542372881356 0.9152542372881356
0.8813559322033898 0.8813559322033899
0.864406779661017 0.8634259259259259
0.8983050847457628 0.8982758620689655
0.8983050847457628 0.8980414746543779
0.9322033898305084 0.9320276497695852
