beta=0 d=64 gamma=40 walk_length=20
0.8813559322033898 0.8812194420477423
0.864406779661017 0.8643678160919539
0.8813559322033898 0.8812194420477423
0.8813559322033898 0.8812194420477423
0.8305084745762712 0.8304597701149425
0.864406779661017 0.864367816091954
0.8305084745762712 0.8304597701149425
0.8135593220338985 0.8135593220338982
0.847457627118644 0.8474576271186439
0.7627118644067796 0.7620967741935484
0.864406779661017 0.864367816091954
0.9152542372881356 0.9152542372881356
0.9491525423728814 0.9490940465918896
0.8305084745762712 0.8300691244239631
0.8135593220338985 0.8133448375035951
0.9152542372881356 0.915156744319816
0.8983050847457628 0.8982758620689655
0.847457627118644 0.8474576271186439
0.8983050847457628 0.8982758620689655
0.847457627118644 0.8472821397756687
