beta=-1 d=8 gamma=40 walk_length=20
0.7966101694915254 0.796551724137931
0.847457627118644 0.8472821397756687
0.8305084745762712 0.8300691244239631
0.8135593220338985 0.8135593220338982
0.8813559322033898 0.8813559322033899
0.864406779661017 0.8643678160919539
0.864406779661017 0.8640552995391705
0.847457627118644 0.8472821397756687
0.8813559322033898 0.8812194420477424
0.847457627118644 0.8472821397756687
0.847457627118644 0.8472821397756687
0.8813559322033898 0.8813559322033899
0.864406779661017 0.864367816091954
0.8305084745762712 0.8300691244239631
0.864406779661017 0.8643678160919539
0.8135593220338985 0.8133448375035951
0.8305084745762712 0.8304597701149425
0.8983050847457628 0.8982758620689655
0.8813559322033898 0.8812194420477424
0.864406779661017 0.8643678160919539
