beta=-1 d=16 gamma=40 walk_length=20
0.8135593220338985 0.8135593220338982
0.847457627118644 0.8472821397756687
0.9322033898305084 0.9321839080459771
0.864406779661017 0.8643678160919539
0.9152542372881356 0.915156744319816
0.8983050847457628 0.8982758620689655
0.864406779661017 0.8643678160919539
0.9152542372881356 0.915156744319816
0.8813559322033898 0.8812194420477424
0.8813559322033898 0.8812194420477424
0.9152542372881356 0.915156744319816
0.9152542372881356 0.9148629148629148
0.864406779661017 0.864367816091954
0.8983050847457628 0.8982758620689655
0.8813559322033898 0.8813559322033899
0.8305084745762712 0.8304597701149425
0.8813559322033898 0.8808080808080807
0.8983050847457628 0.8982758620689655
0.8813559322033898 0.8813559322033899
0.847457627118644 0.8474576271186439
